17.441078186035156 -5.341866970062256 16.308258056640625 -0.4693881571292877
22.479625701904297 4.0342607498168945 -22.3281192779541 -0.5084160566329956
9.606929779052734 -6.65056848526001 -6.5678911209106445 -0.5282906293869019
48.40313720703125 43.46411895751953 22.107830047607422 0.4104183614253998
55.09913635253906 -38.973167419433594 38.3292350769043 0.06034362316131592
35.68524169921875 -33.58504867553711 -10.727785110473633 0.5652815103530884
3.3563156127929688 2.0722992420196533 2.7750885486602783 -0.8513696193695068
32.762088775634766 33.04971694946289 -3.6579043865203857 -0.6169008612632751
9.677562713623047 8.366888046264648 -5.738704204559326 -0.40292441844940186
38.46835708618164 -9.835099220275879 36.90237808227539 1.0424656867980957
68.17772674560547 -63.05012130737305 24.53973960876465 1.55137038230896
33.61038589477539 -19.803159713745117 26.637392044067383 0.9680700302124023
29.23468017578125 14.470471382141113 -25.795286178588867 0.23237457871437073
22.165908813476562 -10.4584379196167 -19.39039421081543 0.5756882429122925
22.779624938964844 18.60135269165039 13.664236068725586 -0.7257298231124878
16.95435333251953 0.3343900144100189 16.821474075317383 -0.39450860023498535
63.11931610107422 62.9124870300293 -9.334600448608398 0.8755149841308594
38.5225944519043 30.06783103942871 24.53171157836914 0.11788296699523926
62.99211120605469 -58.3948974609375 -22.50441551208496 0.8256803750991821
16.652040481567383 -1.6773954629898071 -16.643844604492188 -0.3795284628868103
22.50361442565918 -20.475589752197266 -8.335004806518555 -0.17679667472839355
59.51716995239258 30.15526008605957 51.45869064331055 -0.2167777717113495
6.322666168212891 -5.164019584655762 2.666093349456787 -0.8749285936355591
66.7802963256836 -32.93303680419922 57.67115783691406 1.0913920402526855
34.38398361206055 -29.580354690551758 16.558841705322266 -0.021184980869293213
7.313967227935791 -2.7821969985961914 -6.678025245666504 -0.4199770987033844
65.52747344970703 63.84572219848633 16.537002563476562 0.4930989444255829
28.48274040222168 -19.898330688476562 -20.011333465576172 0.5895750522613525
8.110832214355469 4.797614097595215 -6.994678497314453 -0.5324242115020752
48.55047607421875 43.94534683227539 -21.68140983581543 1.5358728170394897
24.970552444458008 24.437795639038086 -7.168527603149414 -0.27417126297950745
17.821800231933594 -10.769360542297363 13.68968391418457 -0.5371248722076416
43.890472412109375 24.845821380615234 -36.58583450317383 1.6141444444656372
44.55870819091797 44.88084030151367 -3.869749069213867 -0.2796999216079712
55.727294921875 -25.268213272094727 49.275970458984375 0.8740301132202148
34.430789947509766 5.449541091918945 -34.1976318359375 0.2352410852909088
14.102127075195312 -12.249643325805664 -6.199391841888428 -0.5140671133995056
34.315673828125 26.625186920166016 -22.312583923339844 1.0800211429595947
47.565399169921875 32.426292419433594 35.09660720825195 0.5599466562271118
2.4812135696411133 -0.2268640697002411 2.2212743759155273 -0.6725556254386902
45.06954574584961 -37.96425247192383 -23.641319274902344 0.49961337447166443
36.47026443481445 35.21520233154297 10.979011535644531 -0.507278323173523
13.6412935256958 4.6574320793151855 -13.103717803955078 -0.9311628341674805
76.527099609375 -68.99092864990234 31.948139190673828 0.7480150461196899
19.728801727294922 5.3391008377075195 18.988649368286133 -0.2737889885902405
15.028932571411133 14.344253540039062 -5.930454254150391 -0.418035626411438
54.82798385620117 16.208026885986328 -52.63517379760742 1.1363067626953125
44.54515838623047 -1.3323951959609985 44.34799575805664 1.2566534280776978
74.97221374511719 -72.0073013305664 18.918928146362305 1.5698938369750977
59.474037170410156 -50.47495651245117 30.53029441833496 0.48022374510765076
